-1251351189
-1342597637
-626248786
-1447853899
-1313403713
1892849369
72517724
1066562204
-984156839
207362124
6284878
628732779
-158820975
1318052498
-2098505269
-995334520
1047187534
1439459819
6461768
-1598769254
-666496919
281028079
832548527
-269405755
-929429841
-11905665
1174789680
-1303053982
1927295392
-888312241
245273309
-1732722946
-106158870
94764269
503745100
1488304635
881855936
670717610
1955795651
413217520
-1607525510
-637050030
-929461554
-497346036
-1763220304
-1021776049
2074480380
495550930
1856850895
1429915230
-1600670478
885426080
-1729475444
145135054
706119551
1095809082
-569619616
-1270154713
1636742911
-1053099189
156459809
-749604318
-1688081129
-1927553172
706151264
591618875
-280100809
885394367
-1168218846
466538319
-1356694624
562004729
-809331643
-53890496
1523808088
-796787185
-1041905302
-1117513237
-1256553330
-1262877395
2087383540
-978214097
1686382363
-1319119372
1564479211
466246753
-370173884
413185807
-1483429596
-237430935
-1052180225
1643425091
-594367958
-1524685659
2028288601
-1078458504
1260499171
2053899169
1830050779
-1930404320
113477906
-1521769318
301641003
231239194
1174565851
244640073
-1654893635
-419673825
1760997138
1163866298
-726445739
-1172022067
726732475
1560345067
-75145368
-441502910
-779636875
459435664
-1991284292
-1248569241
1034100560
-1272291619
78274384
-1851378596
-419642112
-1944975634
-1805240933
1617920657
-387435241
-1526907390
